ABM/hazard.ASC
ncols         850
nrows         245
xllcorner     199536.57567765
yllcorner     608479.99499839
cellsize      26
NODATA_value  -9999
[rows 114 to 151 of 245, columns 340 to 424 of 850]
667 658 649 640 632 631 629 628 627 625 624 623 622 620 619 618 617 615 614 613 611 610 609 608 606 605 604 603 601 600 599 597 596 595 594 592 591 590 589 587 586 585 583 573 558 543 528 513 498 483 469 454 439 424 409 394 379 364 349 334 319 304 289 274 259 244 229 214 199 184 169 154 139 124 109 94 79 64 50 35 20 8 9 10 11
691 682 674 665 658 657 655 654 653 651 650 649 647 646 645 643 642 641 639 638 637 635 634 633 631 630 629 627 626 625 623 622 621 619 618 617 615 614 613 611 610 609 607 597 581 566 550 534 519 503 488 472 456 441 425 410 394 378 363 347 332 316 301 285 269 254 238 223 207 191 176 160 145 129 113 98 82 67 51 35 20 7 9 10 11
714 706 699 691 684 682 681 680 678 677 676 674 673 671 670 669 667 666 665 663 662 660 659 658 656 655 653 652 651 649 648 647 645 644 642 641 640 638 637 636 634 633 631 620 604 588 572 555 539 523 507 491 474 458 442 426 409 393 377 361 345 328 312 296 280 263 247 231 215 198 182 166 150 134 117 101 85 69 52 36 20 7 8 9 10
738 731 723 716 710 708 707 705 704 703 701 700 698 697 695 694 693 691 690 688 687 685 684 683 681 680 678 677 675 674 673 671 670 668 667 665 664 663 661 660 658 657 655 644 627 610 593 576 560 543 526 509 492 475 458 442 425 408 391 374 357 340 324 307 290 273 256 239 223 206 189 172 155 138 121 105 88 71 54 37 20 7 8 9 10
761 755 748 742 736 734 733 731 730 728 727 725 724 722 721 719 718 716 715 714 712 711 709 708 706 705 703 702 700 699 697 696 694 693 691 690 688 687 685 684 682 681 679 667 650 632 615 598 580 563 545 528 510 493 475 458 440 423 405 388 370 353 335 318 300 283 265 248 230 213 195 178 160 143 125 108 90 73 55 38 20 6 7 8 9
785 779 773 767 762 760 759 757 756 754 753 751 749 748 746 745 743 742 740 739 737 736 734 733 731 729 728 726 725 723 722 720 719 717 716 714 713 711 710 708 706 705 703 691 673 655 637 619 600 582 564 546 528 510 492 474 455 437 419 401 383 365 347 329 311 292 274 256 238 220 202 184 166 147 129 111 93 75 57 39 21 6 7 8 9
808 803 798 792 788 786 785 783 781 780 778 777 775 773 772 770 769 767 765 764 762 761 759 758 756 754 753 751 750 748 746 745 743 742 740 738 737 735 734 732 731 729 727 715 696 677 658 640 621 602 583 565 546 527 508 490 471 452 433 415 396 377 358 340 321 302 283 265 246 227 208 190 171 152 133 115 96 77 58 40 21 6 7 7 8
832 827 822 818 814 812 810 809 807 805 804 802 801 799 797 796 794 792 791 789 787 786 784 783 781 779 778 776 774 773 771 769 768 766 764 763 761 760 758 756 755 753 751 738 719 699 680 661 641 622 602 583 564 544 525 506 486 467 447 428 409 389 370 351 331 312 292 273 254 234 215 195 176 157 137 118 99 79 60 40 21 6 6 7 8
855 851 847 843 840 838 836 835 833 831 829 828 826 824 823 821 819 818 816 814 813 811 809 807 806 804 802 801 799 797 796 794 792 791 789 787 786 784 782 780 779 777 775 762 742 722 702 682 662 642 622 602 582 562 542 522 502 482 462 442 422 401 381 361 341 321 301 281 261 241 221 201 181 161 141 121 101 81 61 41 21 5 6 6 7
879 875 872 869 866 864 862 860 859 857 855 853 852 850 848 846 845 843 841 839 838 836 834 832 831 829 827 825 824 822 820 819 817 815 813 812 810 808 806 805 803 801 799 785 765 744 723 703 682 661 641 620 599 579 558 538 517 496 476 455 434 414 393 372 352 331 310 290 269 249 228 207 187 166 145 125 104 83 63 42 21 5 5 6 7
902 899 897 894 892 890 888 886 884 883 881 879 877 875 874 872 870 868 866 865 863 861 859 857 856 854 852 850 848 847 845 843 841 839 838 836 834 832 831 829 827 825 823 809 788 766 745 724 702 681 660 639 617 596 575 554 532 511 490 468 447 426 405 383 362 341 320 298 277 256 234 213 192 171 149 128 107 86 64 43 22 5 5 6 6
926 924 922 920 918 916 914 912 910 908 906 905 903 901 899 897 895 894 892 890 888 886 884 882 881 879 877 875 873 871 869 868 866 864 862 860 858 857 855 853 851 849 847 832 810 789 767 745 723 701 679 657 635 613 591 570 548 526 504 482 460 438 416 394 372 350 329 307 285 263 241 219 197 175 153 131 110 88 66 44 22 4 5 5 6
949 948 946 945 944 942 940 938 936 934 932 930 928 926 925 923 921 919 917 915 913 911 909 907 906 904 902 900 898 896 894 892 890 888 887 885 883 881 879 877 875 873 871 856 833 811 788 766 743 721 698 676 653 631 608 585 563 540 518 495 473 450 428 405 383 360 338 315 293 270 247 225 202 180 157 135 112 90 67 45 22 4 4 5 5
973 972 971 970 969 968 966 964 962 960 958 956 954 952 950 948 946 944 942 940 938 936 934 932 930 928 927 925 923 921 919 917 915 913 911 909 907 905 903 901 899 897 895 879 856 833 810 787 764 740 717 694 671 648 625 601 578 555 532 509 486 462 439 416 393 370 347 323 300 277 254 231 208 185 161 138 115 92 69 46 22 4 4 4 4
996 996 996 996 995 993 991 989 987 985 983 981 979 977 975 973 971 969 967 965 963 961 959 957 955 953 951 949 947 945 943 941 939 937 935 933 931 929 927 925 923 921 919 903 879 855 832 808 784 760 736 713 -9999 665 641 617 594 570 546 522 498 475 451 427 403 380 356 332 308 284 261 237 213 189 165 142 118 94 70 46 23 3 4 4 4
999 999 999 999 998 996 995 993 991 989 987 985 983 981 979 977 975 973 971 969 967 965 963 961 959 957 955 953 951 949 947 945 943 941 940 938 936 934 932 930 928 926 924 908 885 861 838 815 791 768 745 721 698 -9999 651 628 605 581 558 535 511 488 465 441 418 395 371 348 325 302 278 255 232 208 185 162 138 115 92 68 45 26 26 27 27
999 999 999 999 998 997 995 993 991 989 987 985 983 981 979 977 976 974 972 970 968 966 964 962 960 958 956 955 953 951 949 947 945 943 941 939 937 935 933 932 930 928 926 910 888 865 842 819 797 774 751 729 706 683 -9999 638 615 592 570 547 524 502 479 456 434 411 388 365 343 320 297 275 252 229 207 184 161 138 116 93 70 52 52 52 52
999 999 999 999 999 997 995 993 991 989 987 985 984 982 980 978 976 974 972 971 969 967 965 963 961 959 958 956 954 952 950 948 946 945 943 941 939 937 935 933 932 930 928 913 891 869 846 824 802 780 758 736 714 692 670 648 626 604 581 559 537 515 493 471 449 427 405 383 361 339 316 294 272 250 228 206 184 162 140 118 96 78 78 78 78
999 999 999 999 999 997 995 993 991 989 988 986 984 982 980 979 977 975 973 971 970 968 966 964 962 961 959 957 955 953 952 950 948 946 944 942 941 939 937 935 933 932 930 915 894 872 851 829 808 786 765 743 722 700 679 658 -9999 615 593 572 550 529 507 486 464 443 421 400 379 357 336 314 293 271 250 228 207 185 164 142 121 104 104 104 104
999 999 999 999 999 997 995 993 992 990 988 986 985 983 981 979 977 976 974 972 970 969 967 965 963 962 960 958 956 955 953 951 949 948 946 944 942 941 939 937 935 934 932 918 897 876 855 834 813 792 772 751 730 709 688 667 647 -9999 605 584 563 542 521 501 480 459 438 417 396 376 355 334 313 292 271 250 230 209 188 167 146 129 130 130 130
999 999 999 999 999 997 995 993 992 990 988 987 985 983 982 980 978 976 975 973 971 970 968 966 964 963 961 959 958 956 954 953 951 949 947 946 944 942 941 939 937 936 934 920 900 880 859 839 819 799 778 758 738 718 697 677 -9999 -9999 -9999 596 576 556 536 515 495 475 455 435 414 394 374 354 333 313 293 273 253 232 212 192 172 155 155 155 156
999 999 999 999 999 997 995 994 992 990 989 987 985 984 982 980 979 977 975 974 972 971 969 967 966 964 962 961 959 957 956 954 952 951 949 947 946 944 942 941 939 937 936 922 903 883 864 844 824 805 785 766 746 726 707 687 668 648 628 609 -9999 569 550 530 511 491 471 452 432 413 393 373 354 334 315 295 275 256 236 217 197 181 181 181 181
999 999 999 999 999 997 995 994 992 991 989 987 986 984 983 981 979 978 976 975 973 971 970 968 967 965 963 962 960 959 957 955 954 952 951 949 947 946 944 943 941 939 938 925 906 887 868 849 830 811 792 773 754 735 716 697 678 659 640 621 602 583 -9999 545 526 507 488 469 450 431 412 393 374 355 336 317 298 279 260 241 222 207 207 207 207
999 999 999 999 999 997 996 994 992 991 989 988 986 985 983 982 980 979 977 975 974 972 971 969 968 966 965 963 961 960 958 957 955 954 952 951 949 948 946 944 943 941 940 927 909 891 872 854 835 817 799 780 762 744 725 707 688 670 652 633 615 597 578 -9999 -9999 523 505 486 468 450 431 413 395 376 358 339 321 303 284 266 248 233 233 233 233
999 999 999 999 999 997 996 994 993 991 990 988 987 985 984 982 981 979 978 976 975 973 972 970 969 967 966 964 963 961 960 958 957 955 954 952 951 949 948 946 945 943 942 930 912 894 876 859 841 823 805 788 770 752 734 717 699 681 663 646 628 610 592 575 557 -9999 -9999 504 486 468 -9999 -9999 415 397 379 362 344 326 308 291 273 259 259 259 259
999 999 999 999 999 997 996 994 993 992 990 989 987 986 984 983 981 980 978 977 976 974 973 971 970 968 967 965 964 963 961 960 958 957 955 954 952 951 950 948 947 945 944 932 915 898 881 864 846 829 812 795 778 761 744 727 709 692 675 658 641 624 607 589 572 555 538 521 -9999 -9999 -9999 452 -9999 -9999 401 384 367 350 332 315 298 284 284 284 284
999 999 999 999 999 997 996 995 993 992 990 989 988 986 985 983 982 981 979 978 976 975 974 972 971 969 968 967 965 964 963 961 960 958 957 956 954 953 951 950 949 947 946 935 918 901 885 868 852 835 819 802 786 769 753 736 720 703 687 670 654 637 621 604 588 571 555 538 522 505 489 472 456 439 423 406 390 373 357 340 324 310 310 310 310
999 999 999 999 999 997 996 995 993 992 991 989 988 987 985 984 983 981 980 979 977 976 975 973 972 971 969 968 967 965 964 963 961 960 959 957 956 955 953 952 950 949 948 937 921 905 889 873 857 842 826 810 794 778 762 746 730 714 699 683 667 651 635 619 603 587 571 555 540 524 508 492 476 460 -9999 428 412 397 381 365 349 336 336 336 336
999 999 999 999 999 998 996 995 994 992 991 990 988 987 986 985 983 982 981 979 978 977 976 974 973 972 970 969 968 967 965 964 963 961 960 959 958 956 955 954 952 951 950 939 924 909 894 878 863 848 832 817 802 787 771 756 741 726 710 695 680 664 649 634 619 603 588 573 557 542 527 512 496 481 -9999 -9999 435 420 405 389 374 362 362 362 362
999 999 999 999 999 998 996 995 994 993 991 990 989 988 986 985 984 983 982 980 979 978 977 975 974 973 972 970 969 968 967 965 964 963 962 960 959 958 957 956 954 953 952 942 927 912 898 883 868 854 839 825 810 795 781 766 751 737 722 707 693 678 663 649 634 619 605 590 575 561 546 531 517 502 487 473 -9999 443 429 414 399 388 388 387 387
999 999 999 999 999 998 996 995 994 993 992 991 989 988 987 986 985 983 982 981 980 979 978 976 975 974 973 972 970 969 968 967 966 964 963 962 961 960 959 957 956 955 954 944 930 916 902 888 874 860 846 832 818 804 790 776 762 748 734 720 706 692 677 663 649 635 621 607 593 579 565 551 537 523 509 495 481 -9999 -9999 439 425 413 413 413 413
999 999 999 999 999 998 997 995 994 993 992 991 990 989 988 986 985 984 983 982 981 980 978 977 976 975 974 973 972 971 969 968 967 966 965 964 963 961 960 959 958 957 956 947 933 920 906 893 880 866 853 839 826 812 799 786 772 759 745 732 719 705 692 678 665 651 638 625 611 598 584 571 557 544 531 517 504 490 477 -9999 -9999 439 439 439 439
999 999 999 999 999 998 997 996 995 994 992 991 990 989 988 987 986 985 984 983 982 981 979 978 977 976 975 974 973 972 971 970 969 968 966 965 964 963 962 961 960 959 958 949 936 923 911 898 885 872 859 847 834 821 808 795 783 770 757 744 731 719 706 693 680 667 655 642 629 616 603 591 578 565 552 539 527 514 501 488 -9999 -9999 -9999 465 465
999 999 999 999 999 998 997 996 995 994 993 992 991 990 989 988 987 986 985 983 982 981 980 979 978 977 976 975 974 973 972 971 970 969 968 967 966 965 964 963 962 961 960 951 939 927 915 903 891 878 866 854 842 830 817 805 793 781 769 757 744 732 720 708 696 683 671 659 647 635 623 610 598 586 574 562 550 537 525 513 501 491 -9999 -9999 -9999
999 999 999 999 999 998 997 996 995 994 993 992 991 990 989 988 987 986 985 984 983 982 981 980 979 978 977 976 975 975 974 973 972 971 970 969 968 967 966 965 964 963 962 954 942 931 919 908 896 885 873 861 850 838 827 815 804 792 780 769 757 746 734 723 711 700 688 676 665 653 642 630 619 607 595 584 572 561 549 538 526 517 517 516 516
999 999 999 999 999 998 997 996 995 994 993 993 992 991 990 989 988 987 986 985 984 983 982 981 980 980 979 978 977 976 975 974 973 972 971 970 969 968 967 967 966 965 964 956 945 934 923 913 902 891 880 869 858 847 836 825 814 803 792 781 770 759 748 737 727 716 705 694 683 672 661 650 639 628 617 606 595 584 573 562 551 543 542 542 542
999 999 999 999 999 998 997 996 996 995 994 993 992 991 990 989 989 988 987 986 985 984 983 982 982 981 980 979 978 977 976 975 975 974 973 972 971 970 969 968 968 967 966 959 948 938 928 917 907 897 886 876 866 855 845 835 825 814 804 794 783 773 763 752 742 732 721 711 701 690 680 670 659 649 639 628 618 608 597 587 577 568 568 568 568
999 999 999 999 999 998 997 997 996 995 994 993 992 992 991 990 989 988 988 987 986 985 984 983 983 982 981 980 979 978 978 977 976 975 974 974 973 972 971 970 969 969 968 961 951 942 932 922 913 903 893 884 874 864 854 845 835 825 816 806 796 786 777 767 757 748 738 728 719 709 699 689 680 670 660 651 641 631 621 612 602 594 594 594 593
