ABM/hazard.ASC
ncols         850
nrows         245
xllcorner     199536.57567765
yllcorner     608479.99499839
cellsize      26
NODATA_value  -9999
[rows 114 to 151 of 245, columns 425 to 509 of 850]
12 14 15 16 17 18 19 21 22 23 24 25 26 27 29 30 31 32 33 34 36 37 38 39 40 41 43 44 45 46 47 48 50 51 52 52 51 51 51 50 50 49 49 49 48 48 47 47 47 46 46 45 45 44 44 44 43 43 42 42 42 41 41 40 40 40 39 39 38 38 38 37 37 36 35 34 33 32 31 30 29 28 28 27 26
12 13 14 15 16 17 18 19 21 22 23 24 25 26 27 28 29 30 31 33 34 35 36 37 38 39 40 41 42 43 45 46 47 48 49 49 49 48 48 48 48 47 47 47 46 46 46 45 45 45 45 44 44 44 43 43 43 43 42 42 42 41 41 41 40 40 40 40 39 39 39 38 38 38 37 36 35 34 33 32 31 30 29 28 27
11 12 13 14 15 16 17 18 19 20 21 22 23 25 26 27 28 29 30 31 32 33 34 35 36 37 38 39 40 41 42 43 44 45 46 46 46 46 46 45 45 45 45 45 45 44 44 44 44 44 43 43 43 43 43 43 42 42 42 42 42 41 41 41 41 41 41 40 40 40 40 40 40 39 38 37 36 35 34 33 32 31 30 29 28
11 12 13 13 14 15 16 17 18 19 20 21 22 23 24 25 26 27 28 29 30 31 32 33 34 34 35 36 37 38 39 40 41 42 43 43 43 43 43 43 43 43 43 43 43 43 43 43 42 42 42 42 42 42 42 42 42 42 42 42 42 42 42 41 41 41 41 41 41 41 41 41 41 41 39 38 37 36 35 34 33 32 31 30 29
10 11 12 13 14 14 15 16 17 18 19 20 21 22 22 23 24 25 26 27 28 29 30 30 31 32 33 34 35 36 37 38 38 39 40 40 40 41 41 41 41 41 41 41 41 41 41 41 41 41 41 41 41 41 41 41 42 42 42 42 42 42 42 42 42 42 42 42 42 42 42 42 42 42 41 40 39 38 36 35 34 33 32 31 30
9 10 11 12 13 14 14 15 16 17 18 18 19 20 21 22 23 23 24 25 26 27 27 28 29 30 31 32 32 33 34 35 36 36 37 38 38 38 38 38 38 39 39 39 39 39 39 40 40 40 40 40 40 41 41 41 41 41 41 42 42 42 42 42 42 43 43 43 43 43 43 44 44 44 42 41 40 39 38 37 35 34 33 32 31
9 10 10 11 12 13 13 14 15 16 16 17 18 19 19 20 21 22 22 23 24 25 25 26 27 28 28 29 30 31 31 32 33 34 34 35 35 35 36 36 36 36 37 37 37 38 38 38 38 39 39 39 40 40 40 40 41 41 41 41 42 42 42 43 43 43 43 44 44 44 45 45 45 45 44 43 41 40 39 38 37 35 34 33 32
8 9 10 10 11 12 12 13 14 14 15 16 16 17 18 18 19 20 21 21 22 23 23 24 25 25 26 27 27 28 29 29 30 31 31 32 32 33 33 33 34 34 35 35 35 36 36 37 37 37 38 38 39 39 39 40 40 41 41 41 42 42 43 43 43 44 44 45 45 45 46 46 47 46 45 44 43 42 40 39 38 37 35 34 33
8 8 9 10 10 11 11 12 13 13 14 14 15 16 16 17 17 18 19 19 20 21 21 22 22 23 24 24 25 25 26 27 27 28 28 29 30 30 31 31 32 32 33 33 34 34 35 35 36 36 37 37 38 38 39 39 40 40 41 41 42 42 43 43 44 44 45 45 46 46 47 47 48 48 47 45 44 43 42 40 39 38 37 35 34
7 8 8 9 9 10 10 11 11 12 13 -9999 14 14 15 15 16 16 17 17 18 18 19 20 20 21 21 22 22 23 23 24 24 25 26 26 27 27 28 29 29 30 31 31 32 32 33 34 34 35 36 36 37 37 38 39 39 40 41 41 42 42 43 44 44 45 46 46 47 47 48 49 49 49 48 47 46 44 43 42 40 39 38 36 35
7 7 7 8 8 9 9 10 10 11 11 12 -9999 13 13 14 14 15 15 16 16 16 17 17 18 18 19 19 20 20 21 21 22 22 23 23 24 25 26 26 27 28 28 29 30 31 31 32 33 34 34 35 36 37 37 38 39 40 40 41 42 43 43 44 45 46 46 47 48 49 49 50 51 51 50 48 47 46 44 43 42 40 39 37 36
6 6 7 7 8 8 8 9 9 10 10 10 11 11 12 12 12 13 -9999 14 14 14 15 15 16 16 16 17 17 18 18 18 19 19 20 20 21 22 23 24 25 26 26 27 28 29 30 31 32 32 33 34 35 36 37 38 38 39 40 41 42 43 44 44 45 46 47 48 49 50 50 51 52 52 51 50 48 47 46 44 43 41 40 39 37
5 6 6 6 7 7 7 8 8 8 9 9 9 10 10 10 11 11 11 -9999 12 12 13 13 13 14 14 14 15 15 15 16 16 16 17 18 19 20 21 21 22 23 24 25 26 27 28 29 30 31 32 33 34 35 36 37 38 39 40 41 42 43 44 45 46 47 48 49 50 51 52 53 54 54 52 51 50 48 47 45 44 43 41 40 38
5 5 5 6 6 6 6 7 7 7 7 8 8 8 9 9 9 9 10 10 10 10 11 11 11 11 12 12 12 13 13 13 13 14 14 15 16 17 18 19 20 21 22 23 25 26 27 28 29 30 31 32 33 34 35 36 38 39 40 41 42 43 44 45 46 47 48 50 51 52 53 54 55 55 54 52 51 50 48 47 45 44 42 41 39
4 4 5 5 5 5 5 6 6 6 6 6 7 7 7 -9999 7 -9999 8 8 8 8 9 9 9 9 9 10 10 10 10 10 11 11 11 12 13 14 15 17 18 19 20 21 23 24 25 26 28 29 30 31 32 34 35 36 37 38 40 41 42 43 44 46 47 48 49 50 52 53 54 55 56 57 55 54 52 51 49 48 46 45 43 42 40
27 27 27 27 28 28 28 28 28 28 29 29 29 29 29 29 30 30 30 30 30 31 31 31 31 31 31 32 32 32 32 32 32 33 33 34 35 36 37 38 39 40 41 42 43 44 46 47 48 49 50 51 52 53 54 55 56 57 59 60 61 62 63 64 65 66 67 68 69 70 72 73 74 74 72 70 68 66 64 63 61 59 57 55 53
53 53 53 53 53 53 54 54 54 54 54 54 54 55 55 55 -9999 -9999 55 56 56 56 56 56 56 57 57 57 57 57 57 57 58 58 58 59 60 60 61 62 63 64 65 66 67 68 69 70 71 72 73 74 74 75 76 77 78 79 80 81 82 83 84 85 86 87 88 88 89 90 91 92 93 93 91 88 86 84 81 79 77 74 72 70 67
78 78 79 79 79 79 79 79 79 80 80 80 80 80 80 80 -9999 81 81 81 81 81 81 82 82 82 82 82 82 82 82 83 83 83 83 84 84 85 86 87 88 88 89 90 91 91 92 93 94 95 95 96 97 98 98 99 100 101 102 102 103 104 105 105 106 107 108 109 109 110 111 112 112 112 110 107 104 101 99 96 93 90 87 84 82
104 104 104 104 105 105 105 105 105 105 105 105 106 106 106 -9999 -9999 -9999 106 106 106 107 107 107 107 107 107 107 107 108 108 108 108 108 108 109 109 110 110 111 112 112 113 114 114 115 116 116 117 117 118 119 119 120 121 121 122 122 123 124 124 125 126 126 127 127 128 129 129 130 131 131 132 131 128 125 122 119 116 113 109 106 103 100 96
130 130 130 130 130 130 130 131 131 131 131 131 131 -9999 131 131 131 132 -9999 132 132 132 132 132 132 132 132 133 133 133 133 133 133 133 133 134 134 135 135 135 136 136 137 137 138 138 139 139 140 140 141 141 142 142 143 143 144 144 145 145 146 146 146 147 147 148 148 149 149 150 150 151 151 151 147 144 140 137 133 130 126 122 119 115 111
156 156 156 156 156 156 156 156 156 156 156 156 157 157 157 157 157 157 157 -9999 157 157 157 157 158 158 158 158 158 158 158 158 158 158 158 159 159 159 160 160 160 161 161 161 161 162 162 162 163 163 163 164 164 164 165 165 165 166 166 166 167 167 167 168 168 168 169 169 169 170 170 170 171 170 166 162 158 154 151 147 143 139 135 130 126
181 181 181 182 182 182 182 182 182 182 182 182 182 182 182 182 182 182 182 182 -9999 183 183 183 183 183 183 183 183 183 183 183 183 183 183 184 184 184 184 184 184 185 185 185 185 185 185 186 186 186 186 186 187 187 187 187 187 187 188 188 188 188 188 188 189 189 189 189 189 190 190 190 190 189 185 181 177 172 168 164 160 155 151 146 142
207 207 207 207 207 207 207 207 207 207 207 208 208 208 208 208 208 208 208 208 208 208 208 208 208 208 208 208 208 208 208 208 208 208 208 209 209 209 209 209 209 209 209 209 209 209 209 209 209 209 209 209 209 209 209 209 209 209 209 209 209 209 209 209 209 209 209 209 209 209 209 209 209 208 204 199 195 190 186 181 177 172 167 162 157
233 233 233 233 233 233 233 233 233 233 233 233 233 233 233 233 233 233 233 233 233 -9999 233 233 233 233 233 233 233 233 234 234 234 234 234 234 233 233 233 233 233 233 233 232 232 232 232 232 232 232 232 231 231 231 231 231 231 231 231 230 230 230 230 230 230 230 230 229 229 229 229 229 229 227 223 218 213 209 204 199 194 189 184 179 173
259 259 259 259 259 259 259 259 259 259 259 259 259 259 259 259 259 259 259 259 259 259 -9999 259 259 259 259 259 259 259 259 259 259 259 259 258 258 258 258 257 257 257 257 256 256 256 255 255 255 255 254 254 254 253 253 253 253 252 252 252 252 251 251 251 250 250 250 250 249 249 249 248 248 247 242 237 232 227 222 217 211 206 201 195 189
284 284 284 284 284 284 284 284 284 284 284 284 284 284 284 284 284 284 284 284 284 284 -9999 284 284 284 284 284 284 284 284 284 284 284 284 283 283 283 282 282 281 281 280 280 280 279 279 278 278 277 277 277 276 276 275 275 274 274 274 273 273 272 272 271 271 271 270 270 269 269 268 268 268 266 261 256 251 245 240 234 229 223 218 212 206
310 310 310 310 310 310 310 310 310 310 310 310 310 310 310 310 310 309 309 309 309 309 -9999 309 309 309 309 309 309 309 309 309 309 309 309 308 308 307 307 306 306 305 304 304 303 303 302 301 301 300 300 299 299 298 297 297 296 296 295 295 294 293 293 292 292 291 290 290 289 289 288 288 287 285 280 275 269 264 258 252 247 241 235 229 223
336 336 336 336 336 336 335 335 335 335 335 335 335 335 335 335 335 335 335 335 335 335 335 -9999 335 334 334 334 334 334 334 334 334 334 334 333 333 332 331 331 330 329 328 328 327 326 325 325 -9999 323 322 322 321 320 320 319 318 317 317 316 315 314 314 313 312 311 311 310 309 309 308 307 306 304 299 294 288 282 277 271 265 259 252 246 240
362 361 361 361 361 361 361 361 361 361 361 361 361 361 361 360 360 360 360 360 360 360 360 -9999 -9999 360 360 360 360 359 359 359 359 359 359 358 358 357 356 355 354 353 352 351 350 350 349 348 347 346 345 344 343 343 342 341 340 339 338 337 336 335 335 334 333 332 331 330 329 328 328 327 326 324 318 313 307 301 295 289 283 277 270 264 257
387 387 387 387 387 387 387 387 387 386 386 386 386 386 386 386 386 386 386 386 385 385 385 385 -9999 -9999 385 385 385 385 385 384 384 384 384 383 382 381 380 379 378 377 376 375 374 373 372 371 370 369 368 367 366 365 364 363 362 361 360 359 358 357 355 354 353 352 351 350 349 348 347 346 345 343 337 332 326 320 314 308 301 295 288 281 275
413 413 413 413 413 412 412 412 412 412 412 412 412 412 411 411 411 411 411 411 411 411 411 411 -9999 -9999 410 410 410 410 410 410 410 409 409 408 407 406 405 404 402 401 400 399 398 397 395 394 393 392 391 389 388 387 386 385 383 382 381 380 379 378 376 375 374 373 372 370 369 368 367 366 365 362 356 351 345 339 333 326 320 313 306 299 292
439 439 439 438 438 438 438 438 438 438 437 437 437 437 437 437 437 437 436 436 436 436 436 436 436 -9999 -9999 435 435 435 435 435 435 435 434 433 432 431 429 428 427 425 424 423 421 420 419 417 416 415 413 412 411 409 408 407 405 404 403 401 400 399 397 396 395 393 392 391 389 388 387 385 384 381 376 370 364 358 352 345 339 332 325 318 311
465 464 464 464 464 464 464 463 463 463 463 463 463 463 462 462 462 462 462 462 462 461 461 461 461 461 -9999 -9999 460 460 460 460 460 460 459 458 457 455 454 452 451 449 448 446 445 443 442 441 439 438 436 435 433 432 430 429 427 426 424 423 421 420 418 417 415 414 412 411 409 408 406 405 403 401 395 389 383 377 371 364 358 351 344 337 329
490 490 490 490 490 489 489 489 489 489 489 488 488 488 488 488 488 487 487 487 487 487 487 486 486 486 486 -9999 -9999 485 485 485 485 485 485 483 482 480 478 477 475 474 472 470 469 467 465 464 462 -9999 459 457 455 454 452 451 449 447 446 444 442 441 439 437 436 434 433 431 429 428 426 424 423 420 414 408 402 396 390 383 377 370 363 355 348
-9999 -9999 516 515 515 515 515 515 515 514 514 514 514 514 513 513 513 513 513 512 512 512 512 512 512 511 511 511 -9999 -9999 510 510 510 510 510 508 507 505 503 501 499 498 496 494 492 490 489 487 485 483 481 480 478 476 474 473 471 469 467 465 464 462 460 458 456 455 453 451 449 447 446 444 442 439 434 428 422 416 409 403 396 389 382 375 367
542 542 -9999 541 541 541 541 540 540 540 540 539 539 539 539 539 538 538 538 538 538 537 537 537 537 537 536 536 -9999 -9999 536 535 535 535 535 533 531 529 527 526 524 522 520 518 516 514 512 510 508 506 504 502 500 498 496 494 493 491 489 487 485 483 481 479 477 475 473 471 469 467 465 463 461 459 453 447 441 435 429 422 416 409 402 394 387
567 567 567 -9999 567 566 566 566 566 565 565 565 565 565 564 564 564 564 563 563 563 563 563 562 562 562 562 561 561 -9999 -9999 561 560 560 560 558 556 554 552 550 548 546 544 542 539 537 535 533 531 529 527 -9999 523 521 519 516 514 512 510 508 506 504 502 500 -9999 495 493 491 489 487 485 483 481 478 472 467 461 455 449 442 436 429 422 414 407
593 593 593 592 -9999 592 592 592 591 591 591 591 590 590 590 590 589 589 589 589 588 588 588 588 587 587 587 587 586 586 -9999 -9999 585 585 585 583 581 579 577 574 572 570 568 565 563 561 559 556 554 552 550 547 -9999 543 541 538 536 534 532 529 527 525 523 520 518 -9999 514 511 509 507 505 502 500 497 492 486 480 475 468 462 456 449 442 434 427
