ABM/hazard.ASC
ncols         850
nrows         245
xllcorner     199536.57567765
yllcorner     608479.99499839
cellsize      26
NODATA_value  -9999
[rows 76 to 113 of 245, columns 340 to 424 of 850]
96 71 46 21 0 0 0 0 0 0 0 0 0 0 0 0 0 0 0 0 0 0 0 0 0 0 0 0 0 0 0 0 0 0 0 0 0 0 0 0 0 0 0 0 0 1 1 1 2 2 3 3 3 4 4 5 5 5 6 6 7 7 7 8 8 8 9 9 10 10 10 11 11 12 12 12 13 13 14 14 14 15 18 21 24
96 71 46 21 0 0 0 0 0 0 0 0 0 0 0 0 0 0 0 0 0 0 0 0 0 0 0 0 0 0 0 0 0 0 0 0 0 0 0 0 0 0 0 0 0 1 1 1 2 2 3 3 3 4 4 5 5 5 6 6 7 7 7 8 8 8 9 9 10 10 10 11 11 12 12 12 13 13 14 14 14 15 18 21 24
96 71 46 21 0 0 0 0 0 0 0 0 0 0 0 0 0 0 0 0 0 0 0 0 0 0 0 0 0 0 0 0 0 0 0 0 0 0 0 0 0 0 0 0 0 1 1 1 2 2 3 3 3 4 4 5 5 5 6 6 7 7 7 8 8 8 9 9 10 10 10 11 11 12 12 12 13 13 14 14 14 15 18 21 24
96 71 46 21 0 0 0 0 0 0 0 0 0 0 0 0 0 0 0 0 0 0 0 0 0 0 0 0 0 0 0 0 0 0 0 0 0 0 0 0 0 0 0 0 0 1 1 1 2 2 3 3 3 4 4 5 5 5 6 6 7 7 7 8 8 8 9 9 10 10 10 11 11 12 12 12 13 13 14 14 14 15 18 21 24
96 71 46 21 0 0 0 0 0 0 0 0 0 0 0 0 0 0 0 0 0 0 0 0 0 0 0 0 0 0 0 0 0 0 0 0 0 0 0 0 0 0 0 0 0 1 1 1 2 2 3 3 3 4 4 5 5 5 6 6 7 7 7 8 8 8 9 9 10 10 10 11 11 12 12 12 13 13 14 14 14 15 18 21 24
96 71 46 21 0 0 0 0 0 0 0 0 0 0 0 0 0 0 0 0 0 0 0 0 0 0 0 0 0 0 0 0 0 0 0 0 0 0 0 0 0 0 0 0 0 1 1 1 2 2 3 3 3 4 4 5 5 5 6 6 7 7 7 8 8 8 9 9 10 10 10 11 11 12 12 12 13 13 14 14 14 15 18 21 24
96 71 46 21 0 0 0 0 0 0 0 0 0 0 0 0 0 0 0 0 0 0 0 0 0 0 0 0 0 0 0 0 0 0 0 0 0 0 0 0 0 0 0 0 0 1 1 1 2 2 3 3 3 4 4 5 5 5 6 6 7 7 7 8 8 8 9 9 10 10 10 11 11 12 12 12 13 13 14 14 14 15 18 21 24
96 71 46 21 0 0 0 0 0 0 0 0 0 0 0 0 0 0 0 0 0 0 0 0 0 0 0 0 0 0 0 0 0 0 0 0 0 0 0 0 0 0 0 0 0 1 1 1 2 2 3 3 3 4 4 5 5 5 6 6 7 7 7 8 8 8 9 9 10 10 10 11 11 12 12 12 13 13 14 14 14 15 18 21 24
96 71 46 21 0 0 0 0 0 0 0 0 0 0 0 0 0 0 0 0 0 0 0 0 0 0 0 0 0 0 0 0 0 0 0 0 0 0 0 0 0 0 0 0 0 1 1 1 2 2 3 3 3 4 4 5 5 5 6 6 7 7 7 8 8 8 9 9 10 10 10 11 11 12 12 12 13 13 14 14 14 15 18 21 24
96 71 46 21 0 0 0 0 0 0 0 0 0 0 0 0 0 0 0 0 0 0 0 0 0 0 0 0 0 0 0 0 0 0 0 0 0 0 0 0 0 0 0 0 0 1 1 1 2 2 3 3 3 4 4 5 5 5 6 6 7 7 7 8 8 8 9 9 10 10 10 11 11 12 12 12 13 13 14 14 14 15 18 21 24
96 71 46 21 0 0 0 0 0 0 0 0 0 0 0 0 0 0 0 0 0 0 0 0 0 0 0 0 0 0 0 0 0 0 0 0 0 0 0 0 0 0 0 0 0 1 1 1 2 2 3 3 3 4 4 5 5 5 6 6 7 7 7 8 8 8 9 9 10 10 10 11 11 12 12 12 13 13 14 14 14 15 18 21 24
96 71 46 21 0 0 0 0 0 0 0 0 0 0 0 0 0 0 0 0 0 0 0 0 0 0 0 0 0 0 0 0 0 0 0 0 0 0 0 0 0 0 0 0 0 1 1 1 2 2 3 3 3 4 4 5 5 5 6 6 7 7 7 8 8 8 9 9 10 10 10 11 11 12 12 12 13 13 14 14 14 15 18 21 24
96 71 46 21 0 0 0 0 0 0 0 0 0 0 0 0 0 0 0 0 0 0 0 0 0 0 0 0 0 0 0 0 0 0 0 0 0 0 0 0 0 0 0 0 0 1 1 1 2 2 3 3 3 4 4 5 5 5 6 6 7 7 7 8 8 8 9 9 10 10 10 11 11 12 12 12 13 13 14 14 14 15 18 21 24
96 71 46 21 0 0 0 0 0 0 0 0 0 0 0 0 0 0 0 0 0 0 0 0 0 0 0 0 0 0 0 0 0 0 0 0 0 0 0 0 0 0 0 0 0 1 1 1 2 2 3 3 3 4 4 5 5 5 6 6 7 7 7 8 8 8 9 9 10 10 10 11 11 12 12 12 13 13 14 14 14 15 18 21 24
104 79 55 30 9 9 9 9 8 8 8 8 8 8 8 8 8 8 8 8 8 8 8 8 8 8 8 8 8 8 8 8 8 8 8 8 8 8 8 8 8 8 8 8 8 8 8 9 9 9 9 9 10 10 10 10 10 10 11 11 11 11 11 11 12 12 12 12 12 13 13 13 13 13 13 14 14 14 14 14 15 15 18 21 24
127 103 80 56 35 34 34 34 34 34 34 34 34 34 34 34 34 34 34 33 33 33 33 33 33 33 33 33 33 33 33 33 33 32 32 32 32 32 32 32 32 32 32 31 31 31 30 30 29 29 28 28 27 27 26 26 26 25 25 24 24 23 23 22 22 22 21 21 20 20 19 19 18 18 17 17 17 16 16 15 15 15 18 20 23
151 128 104 81 61 60 60 60 60 60 60 60 60 59 59 59 59 59 59 59 59 58 58 58 58 58 58 58 58 57 57 57 57 57 57 57 57 56 56 56 56 56 56 55 54 53 52 51 50 49 47 46 45 44 43 42 41 40 39 38 37 36 34 33 32 31 30 29 28 27 26 25 24 23 21 20 19 18 17 16 15 15 17 20 23
174 152 129 106 86 86 86 86 86 86 85 85 85 85 85 85 84 84 84 84 84 83 83 83 83 83 83 82 82 82 82 82 82 81 81 81 81 81 80 80 80 80 80 79 77 75 73 72 70 68 67 65 63 61 60 58 56 55 53 51 49 48 46 44 43 41 39 37 36 34 32 31 29 27 25 24 22 20 19 17 15 14 17 19 22
198 176 154 132 112 112 112 112 112 111 111 111 111 110 110 110 110 109 109 109 109 109 108 108 108 108 107 107 107 107 106 106 106 106 106 105 105 105 105 104 104 104 104 102 100 97 95 93 90 88 86 83 81 79 76 74 72 69 67 65 62 60 58 55 53 51 48 46 44 41 39 36 34 32 29 27 25 22 20 18 15 14 16 19 22
221 200 179 157 138 138 138 138 137 137 137 136 136 136 136 135 135 135 134 134 134 134 133 133 133 133 132 132 132 131 131 131 131 130 130 130 129 129 129 129 128 128 128 126 123 120 117 114 111 108 105 102 99 96 93 90 87 84 81 78 75 72 69 66 63 60 57 54 51 48 45 42 39 36 33 30 27 24 22 19 16 14 16 19 21
245 224 203 183 164 164 164 163 163 163 162 162 162 161 161 161 160 160 160 159 159 159 158 158 158 157 157 157 156 156 156 155 155 155 154 154 154 153 153 153 152 152 152 149 146 142 138 135 131 128 124 120 117 113 110 106 102 99 95 92 88 84 81 77 73 70 66 63 59 55 52 48 45 41 37 34 30 27 23 19 16 13 16 18 21
268 248 228 208 190 190 190 189 189 188 188 188 187 187 187 186 186 185 185 185 184 184 183 183 183 182 182 181 181 181 180 180 180 179 179 178 178 178 177 177 176 176 176 173 169 164 160 156 152 147 143 139 135 130 126 122 118 113 109 105 101 97 92 88 84 80 75 71 67 63 58 54 50 46 41 37 33 29 24 20 16 13 15 18 20
292 272 253 234 216 216 215 215 215 214 214 213 213 212 212 212 211 211 210 210 209 209 208 208 208 207 207 206 206 205 205 205 204 204 203 203 202 202 201 201 201 200 200 196 191 187 182 177 172 167 162 157 153 148 143 138 133 128 123 118 114 109 104 99 94 89 84 80 75 70 65 60 55 50 45 41 36 31 26 21 16 13 15 17 19
315 296 278 259 242 242 241 241 240 240 239 239 238 238 237 237 236 236 235 235 234 234 233 233 233 232 232 231 231 230 230 229 229 228 228 227 227 226 226 225 225 224 224 220 214 209 203 198 192 187 181 176 170 165 159 154 148 143 137 132 126 121 115 110 104 99 93 88 82 77 71 66 60 55 49 44 38 33 27 22 16 12 15 17 19
339 320 302 284 268 268 267 267 266 266 265 264 264 263 263 262 262 261 261 260 260 259 259 258 257 257 256 256 255 255 254 254 253 253 252 251 251 250 250 249 249 248 248 243 237 231 225 219 213 207 201 194 188 182 176 170 164 158 152 145 139 133 127 121 115 109 102 96 90 84 78 72 66 60 53 47 41 35 29 23 17 12 14 16 18
362 345 327 310 294 294 293 292 292 291 291 290 289 289 288 288 287 287 286 285 285 284 284 283 282 282 281 281 280 279 279 278 278 277 276 276 275 275 274 273 273 272 272 267 260 254 247 240 233 226 220 213 206 199 193 186 179 172 166 159 152 145 139 132 125 118 112 105 98 91 84 78 71 64 57 51 44 37 30 24 17 12 14 16 18
386 369 352 335 320 320 319 318 318 317 316 316 315 314 314 313 312 312 311 311 310 309 309 308 307 307 306 305 305 304 303 303 302 301 301 300 300 299 298 298 297 296 296 291 283 276 268 261 254 246 239 231 224 217 209 202 194 187 180 172 165 158 150 143 135 128 121 113 106 98 91 84 76 69 61 54 47 39 32 24 17 11 13 15 17
409 393 377 361 346 345 345 344 343 343 342 341 341 340 339 338 338 337 336 336 335 334 334 333 332 332 331 330 329 329 328 327 327 326 325 325 324 323 322 322 321 320 320 314 306 298 290 282 274 266 258 250 242 234 226 218 210 202 194 186 178 170 162 154 146 138 130 122 114 106 97 89 81 73 65 57 49 41 33 25 17 11 13 15 17
432 417 401 386 372 371 371 370 369 368 368 367 366 365 365 364 363 362 362 361 360 359 359 358 357 356 356 355 354 353 353 352 351 350 350 349 348 347 347 346 345 344 344 338 329 320 312 303 294 286 277 268 260 251 242 234 225 217 208 199 191 182 173 165 156 147 139 130 121 113 104 95 87 78 69 61 52 43 35 26 17 11 13 15 16
456 441 426 411 398 397 397 396 395 394 393 393 392 391 390 389 388 388 387 386 385 384 384 383 382 381 380 380 379 378 377 376 376 375 374 373 372 372 371 370 369 368 368 361 352 343 333 324 315 306 296 287 278 268 259 250 241 231 222 213 203 194 185 176 166 157 148 138 129 120 111 101 92 83 73 64 55 46 36 27 18 11 12 14 16
479 465 451 437 424 423 422 422 421 420 419 418 417 416 416 415 414 413 412 411 410 410 409 408 407 406 405 404 404 403 402 401 400 399 398 398 397 396 395 394 393 392 392 385 375 365 355 345 335 325 315 305 296 286 276 266 256 246 236 226 216 206 196 186 177 167 157 147 137 127 117 107 97 87 77 67 58 48 38 28 18 10 12 14 15
503 489 476 462 450 449 448 447 446 446 445 444 443 442 441 440 439 438 437 436 436 435 434 433 432 431 430 429 428 427 426 426 425 424 423 422 421 420 419 418 417 416 416 408 398 387 377 366 356 345 335 324 313 303 292 282 271 261 250 240 229 219 208 197 187 176 166 155 145 134 124 113 102 92 81 71 60 50 39 29 18 10 12 13 15
526 513 501 488 476 475 474 473 472 471 470 469 468 467 466 465 465 464 463 462 461 460 459 458 457 456 455 454 453 452 451 450 449 448 447 446 445 444 443 442 441 441 440 432 421 410 398 387 376 365 354 342 331 320 309 298 287 275 264 253 242 231 220 208 197 186 175 164 152 141 130 119 108 97 85 74 63 52 41 30 18 10 11 13 14
550 538 525 513 502 501 500 499 498 497 496 495 494 493 492 491 490 489 488 487 486 485 484 483 482 481 480 479 478 477 476 475 474 473 472 471 470 469 468 467 466 465 464 455 444 432 420 408 396 385 373 361 349 337 326 314 302 290 278 267 255 243 231 219 207 196 184 172 160 148 137 125 113 101 89 78 66 54 42 30 19 9 11 12 14
573 562 550 538 528 527 526 525 524 523 522 521 519 518 517 516 515 514 513 512 511 510 509 508 507 506 505 503 502 501 500 499 498 497 496 495 494 493 492 491 490 489 488 479 467 454 442 429 417 404 392 380 367 355 342 330 317 305 292 280 268 255 243 230 218 205 193 180 168 156 143 131 118 106 93 81 69 56 44 31 19 9 10 12 13
597 586 575 564 554 553 552 551 549 548 547 546 545 544 543 542 541 539 538 537 536 535 534 533 532 530 529 528 527 526 525 524 523 522 520 519 518 517 516 515 514 513 512 503 490 476 463 450 437 424 411 398 385 372 359 346 333 320 307 293 280 267 254 241 228 215 202 189 176 163 150 137 124 110 97 84 71 58 45 32 19 9 10 11 13
620 610 600 589 580 579 578 576 575 574 573 572 571 569 568 567 566 565 564 562 561 560 559 558 557 555 554 553 552 551 550 548 547 546 545 544 543 541 540 539 538 537 535 526 512 499 485 471 458 444 430 417 403 389 375 362 348 334 321 307 293 280 266 252 238 225 211 197 184 170 156 142 129 115 101 88 74 60 47 33 19 8 10 11 12
644 634 624 615 606 605 603 602 601 600 599 597 596 595 594 592 591 590 589 588 586 585 584 583 581 580 579 578 577 575 574 573 572 570 569 568 567 566 564 563 562 561 559 550 535 521 507 492 478 464 449 435 421 406 392 378 363 349 335 320 306 292 277 263 249 234 220 206 191 177 163 148 134 120 105 91 77 62 48 34 19 8 9 11 12
