ABM/hazard.ASC
ncols         850
nrows         245
xllcorner     199536.57567765
yllcorner     608479.99499839
cellsize      26
NODATA_value  -9999
[rows 114 to 151 of 245, columns 170 to 254 of 850]
-9999 -9999 -9999 -9999 -9999 -9999 -9999 -9999 -9999 -9999 -9999 -9999 -9999 -9999 -9999 -9999 -9999 -9999 -9999 -9999 -9999 -9999 -9999 -9999 -9999 -9999 -9999 -9999 -9999 -9999 -9999 -9999 -9999 -9999 -9999 319 336 352 368 384 399 414 429 444 458 471 485 498 511 524 536 548 560 572 583 594 605 616 626 636 646 655 664 673 683 692 701 711 720 729 739 748 757 766 776 785 794 804 813 822 832 841 850 860 869
-9999 -9999 -9999 -9999 -9999 -9999 -9999 -9999 -9999 -9999 -9999 -9999 -9999 -9999 -9999 -9999 -9999 -9999 -9999 -9999 -9999 -9999 -9999 -9999 -9999 -9999 -9999 -9999 -9999 -9999 -9999 -9999 -9999 -9999 307 325 343 360 377 393 410 425 441 456 471 486 500 514 528 541 555 568 580 593 605 617 629 641 652 662 671 679 688 696 705 714 722 731 740 748 757 766 774 783 792 800 809 817 826 835 843 852 861 869 878
-9999 -9999 -9999 -9999 -9999 -9999 -9999 -9999 -9999 -9999 -9999 -9999 -9999 -9999 -9999 -9999 -9999 -9999 -9999 -9999 -9999 -9999 -9999 -9999 -9999 -9999 -9999 -9999 -9999 -9999 -9999 -9999 -9999 -9999 312 331 350 368 385 403 420 436 452 469 484 500 515 530 544 559 573 587 600 614 627 640 653 665 677 687 695 703 711 719 727 735 743 751 759 767 775 783 791 799 807 815 823 831 839 847 855 863 871 879 887
-9999 -9999 -9999 -9999 -9999 -9999 -9999 -9999 -9999 -9999 -9999 -9999 -9999 -9999 -9999 -9999 -9999 -9999 -9999 -9999 -9999 -9999 -9999 -9999 -9999 -9999 -9999 -9999 -9999 -9999 -9999 -9999 -9999 298 318 337 356 375 393 411 429 447 464 481 497 513 529 545 561 576 591 606 620 635 649 663 676 690 703 713 720 728 735 742 750 757 764 772 779 786 794 801 808 816 823 830 838 845 852 860 867 874 882 889 896
-9999 -9999 -9999 -9999 -9999 -9999 -9999 -9999 -9999 -9999 -9999 -9999 -9999 -9999 -9999 -9999 -9999 -9999 -9999 -9999 -9999 -9999 -9999 -9999 -9999 -9999 -9999 -9999 -9999 -9999 -9999 -9999 -9999 302 323 343 363 382 401 420 438 457 475 492 510 527 544 560 577 593 609 625 640 655 670 685 700 714 728 739 745 752 759 765 772 779 785 792 799 805 812 819 826 832 839 846 852 859 866 872 879 886 892 899 906
-9999 -9999 -9999 -9999 -9999 -9999 -9999 -9999 -9999 -9999 -9999 -9999 -9999 -9999 -9999 -9999 -9999 -9999 -9999 -9999 -9999 -9999 -9999 -9999 -9999 -9999 -9999 -9999 -9999 -9999 -9999 -9999 285 307 328 348 369 389 409 428 447 466 485 504 522 540 558 575 593 610 626 643 660 676 692 708 723 739 754 764 770 776 782 788 794 800 806 813 819 825 831 837 843 849 855 861 867 873 879 885 891 897 903 909 915
-9999 -9999 -9999 -9999 -9999 -9999 -9999 -9999 -9999 -9999 -9999 -9999 -9999 -9999 -9999 -9999 -9999 -9999 -9999 -9999 -9999 -9999 -9999 -9999 -9999 -9999 -9999 -9999 -9999 -9999 -9999 -9999 289 311 332 354 375 395 416 436 456 476 496 515 534 553 572 590 608 626 644 662 679 696 713 730 747 763 779 790 795 801 806 811 817 822 828 833 838 844 849 854 860 865 870 876 881 887 892 897 903 908 913 919 924
-9999 -9999 -9999 -9999 -9999 -9999 -9999 -9999 -9999 -9999 -9999 -9999 -9999 -9999 -9999 -9999 -9999 -9999 -9999 -9999 -9999 -9999 -9999 -9999 -9999 -9999 -9999 -9999 -9999 -9999 -9999 270 292 315 337 359 380 402 423 444 465 485 506 526 546 566 585 604 624 642 661 680 698 716 734 752 770 787 805 816 820 825 830 834 839 844 849 853 858 863 867 872 877 882 886 891 896 900 905 910 914 919 924 929 933
-9999 -9999 -9999 -9999 -9999 -9999 -9999 -9999 -9999 -9999 -9999 -9999 -9999 -9999 -9999 -9999 -9999 -9999 -9999 -9999 -9999 -9999 -9999 -9999 -9999 -9999 -9999 -9999 -9999 -9999 249 272 295 318 341 364 386 408 430 452 473 495 516 537 557 578 598 619 639 659 678 698 717 736 755 774 793 812 830 841 845 849 853 857 861 866 870 874 878 882 886 890 894 898 902 906 910 914 918 922 926 930 934 938 943
-9999 -9999 -9999 -9999 -9999 -9999 -9999 -9999 -9999 -9999 -9999 -9999 -9999 -9999 -9999 -9999 -9999 -9999 -9999 -9999 -9999 -9999 -9999 -9999 -9999 -9999 -9999 -9999 -9999 -9999 251 275 299 322 345 368 391 414 437 459 481 503 525 547 569 590 611 633 654 674 695 716 736 756 776 796 816 836 855 867 870 874 877 880 884 887 891 894 897 901 904 908 911 914 918 921 925 928 931 935 938 942 945 948 952
-9999 -9999 -9999 -9999 -9999 -9999 -9999 -9999 -9999 -9999 -9999 -9999 -9999 -9999 -9999 -9999 -9999 -9999 -9999 -9999 -9999 -9999 -9999 -9999 -9999 -9999 -9999 -9999 -9999 229 253 278 302 326 349 373 397 420 443 466 489 512 535 557 580 602 624 646 668 690 712 733 755 776 797 818 839 860 881 892 895 898 901 903 906 909 912 914 917 920 923 925 928 931 934 936 939 942 945 947 950 953 956 958 961
-9999 -9999 -9999 -9999 -9999 -9999 -9999 -9999 -9999 -9999 -9999 -9999 -9999 -9999 -9999 -9999 -9999 -9999 -9999 -9999 -9999 -9999 -9999 -9999 -9999 -9999 -9999 -9999 206 231 255 280 305 329 353 377 402 426 449 473 497 520 544 567 591 614 637 660 683 705 728 751 773 796 818 840 862 884 906 918 920 922 924 926 928 931 933 935 937 939 941 943 945 947 949 951 954 956 958 960 962 964 966 968 970
-9999 -9999 -9999 -9999 -9999 -9999 -9999 -9999 -9999 -9999 -9999 -9999 -9999 -9999 -9999 -9999 -9999 -9999 -9999 -9999 -9999 -9999 -9999 -9999 -9999 -9999 -9999 -9999 207 232 257 282 307 332 357 382 406 431 456 480 504 529 553 577 601 625 649 673 697 721 744 768 792 815 838 862 885 908 931 944 945 946 948 949 951 952 954 955 957 958 959 961 962 964 965 967 968 969 971 972 974 975 977 978 979
-9999 -9999 -9999 -9999 -9999 -9999 -9999 -9999 -9999 -9999 -9999 -9999 -9999 -9999 -9999 -9999 -9999 -9999 -9999 -9999 -9999 -9999 -9999 -9999 -9999 -9999 -9999 183 208 234 259 285 310 335 361 386 411 436 461 487 512 537 562 587 612 637 661 686 711 736 760 785 810 834 859 883 908 932 957 969 970 971 972 972 973 974 975 975 976 977 978 979 979 980 981 982 982 983 984 985 986 986 987 988 989
-9999 -9999 -9999 -9999 -9999 -9999 -9999 -9999 -9999 -9999 -9999 -9999 -9999 -9999 -9999 -9999 -9999 -9999 -9999 -9999 -9999 -9999 -9999 -9999 -9999 -9999 158 184 209 235 261 287 313 338 364 390 416 442 467 493 519 545 570 596 622 648 673 699 725 751 776 802 828 853 879 905 931 956 982 995 995 995 995 995 995 996 996 996 996 996 996 996 996 997 997 997 997 997 997 997 997 998 998 998 998
-9999 -9999 -9999 -9999 -9999 -9999 -9999 -9999 -9999 -9999 -9999 -9999 -9999 -9999 -9999 -9999 -9999 -9999 -9999 -9999 -9999 -9999 -9999 -9999 -9999 -9999 176 202 227 252 277 302 327 353 378 403 428 453 478 503 529 554 579 604 629 654 679 705 730 755 780 805 830 855 881 906 931 956 981 994 994 994 994 994 995 995 995 995 995 995 995 996 996 996 996 996 996 997 997 997 997 997 997 997 998
-9999 -9999 -9999 -9999 -9999 -9999 -9999 -9999 -9999 -9999 -9999 -9999 -9999 -9999 -9999 -9999 -9999 -9999 -9999 -9999 -9999 -9999 -9999 -9999 -9999 173 198 222 246 271 295 319 344 368 393 417 441 466 490 514 539 563 587 612 636 660 685 709 734 758 782 807 831 855 880 904 928 953 977 989 990 990 990 990 991 991 991 992 992 992 992 993 993 993 993 994 994 994 994 995 995 995 996 996 996
-9999 -9999 -9999 -9999 -9999 -9999 -9999 -9999 -9999 -9999 -9999 -9999 -9999 -9999 -9999 -9999 -9999 -9999 -9999 -9999 -9999 -9999 -9999 -9999 -9999 195 219 242 266 290 313 337 360 384 407 431 454 478 502 525 549 572 596 619 643 667 690 714 737 761 784 808 832 855 879 902 926 949 973 985 985 986 986 986 987 987 988 988 988 989 989 990 990 990 991 991 991 992 992 993 993 993 994 994 995
-9999 -9999 -9999 -9999 -9999 -9999 -9999 -9999 -9999 -9999 -9999 -9999 -9999 -9999 -9999 -9999 -9999 -9999 -9999 -9999 -9999 -9999 -9999 -9999 194 217 240 263 286 308 331 354 377 399 422 445 468 491 513 536 559 582 604 627 650 673 695 718 741 764 787 809 832 855 878 900 923 946 969 980 981 981 982 982 983 983 984 984 985 985 986 986 987 987 988 988 989 989 990 990 991 991 992 992 993
-9999 -9999 -9999 -9999 -9999 -9999 -9999 -9999 -9999 -9999 -9999 -9999 -9999 -9999 -9999 -9999 -9999 -9999 -9999 -9999 -9999 -9999 -9999 -9999 217 239 261 283 305 327 349 371 393 415 437 459 481 503 525 547 569 591 613 635 657 679 701 723 745 767 789 811 833 855 877 899 921 943 965 976 977 977 978 978 979 980 980 981 982 982 983 983 984 985 985 986 986 987 988 988 989 990 990 991 991
-9999 -9999 -9999 -9999 -9999 -9999 -9999 -9999 -9999 -9999 -9999 -9999 -9999 -9999 -9999 -9999 -9999 -9999 -9999 -9999 -9999 -9999 -9999 219 240 261 282 303 325 346 367 388 409 431 452 473 494 515 537 558 579 600 621 643 664 685 706 727 749 770 791 812 833 855 876 897 918 939 960 971 972 973 974 974 975 976 977 977 978 979 980 980 981 982 983 983 984 985 985 986 987 988 988 989 990
-9999 -9999 -9999 -9999 -9999 -9999 -9999 -9999 -9999 -9999 -9999 -9999 -9999 -9999 -9999 -9999 -9999 -9999 -9999 -9999 -9999 -9999 -9999 242 263 283 303 324 344 365 385 405 426 446 467 487 507 528 548 569 589 610 630 650 671 691 712 732 752 773 793 814 834 854 875 895 916 936 956 967 968 969 970 970 971 972 973 974 975 976 976 977 978 979 980 981 982 982 983 984 985 986 987 988 988
-9999 -9999 -9999 -9999 -9999 -9999 -9999 -9999 -9999 -9999 -9999 -9999 -9999 -9999 -9999 -9999 -9999 -9999 -9999 -9999 -9999 -9999 -9999 266 285 305 325 344 364 383 403 423 442 462 482 501 521 540 560 580 599 619 638 658 678 697 717 736 756 776 795 815 835 854 874 893 913 933 952 962 963 964 965 966 967 968 969 970 971 972 973 974 975 976 977 978 979 980 981 982 983 984 985 986 987
-9999 -9999 -9999 -9999 -9999 -9999 -9999 -9999 -9999 -9999 -9999 -9999 -9999 -9999 -9999 -9999 -9999 -9999 -9999 -9999 -9999 -9999 271 289 308 327 346 365 383 402 421 440 459 478 496 515 534 553 572 590 609 628 647 666 685 703 722 741 760 779 797 816 835 854 873 892 910 929 948 958 959 960 961 962 963 965 966 967 968 969 970 971 972 973 974 975 977 978 979 980 981 982 983 984 985
-9999 -9999 -9999 -9999 -9999 -9999 -9999 -9999 -9999 -9999 -9999 -9999 -9999 -9999 -9999 -9999 -9999 -9999 -9999 -9999 -9999 -9999 295 313 331 349 367 385 403 421 439 457 475 493 511 529 547 565 583 601 619 637 655 673 691 710 728 746 764 782 800 818 836 854 872 890 908 926 944 954 955 956 957 958 960 961 962 963 964 966 967 968 969 970 972 973 974 975 977 978 979 980 981 983 984
-9999 -9999 -9999 -9999 -9999 -9999 -9999 -9999 -9999 -9999 -9999 -9999 -9999 -9999 -9999 -9999 -9999 -9999 -9999 -9999 -9999 302 319 336 354 371 388 405 423 440 457 474 492 509 526 543 561 578 595 612 629 647 664 681 698 716 733 750 767 785 802 819 836 854 871 888 905 923 940 949 950 952 953 954 956 957 958 960 961 962 964 965 966 968 969 970 972 973 974 976 977 978 980 981 982
-9999 -9999 -9999 -9999 -9999 -9999 -9999 -9999 -9999 -9999 -9999 -9999 -9999 -9999 -9999 -9999 -9999 -9999 -9999 -9999 -9999 327 343 360 376 393 409 426 442 459 475 492 508 524 541 557 574 590 607 623 640 656 672 689 705 722 738 755 771 788 804 820 837 853 870 886 903 919 936 945 946 947 949 950 952 953 955 956 958 959 960 962 963 965 966 968 969 971 972 974 975 976 978 979 981
-9999 -9999 -9999 -9999 -9999 -9999 -9999 -9999 -9999 -9999 -9999 -9999 -9999 -9999 -9999 -9999 -9999 -9999 -9999 -9999 337 352 368 383 399 415 430 446 462 477 493 509 524 540 556 571 587 603 618 634 650 665 681 697 712 728 744 759 775 791 806 822 838 853 869 885 900 916 931 940 942 943 945 946 948 949 951 953 954 956 957 959 960 962 964 965 967 968 970 971 973 975 976 978 979
-9999 -9999 -9999 -9999 -9999 -9999 -9999 -9999 -9999 -9999 -9999 -9999 -9999 -9999 -9999 -9999 -9999 -9999 -9999 -9999 363 377 392 407 422 437 452 466 481 496 511 526 541 556 571 585 600 615 630 645 660 675 689 704 719 734 749 764 779 794 808 823 838 853 868 883 898 912 927 936 937 939 941 942 944 946 947 949 951 952 954 956 957 959 961 963 964 966 968 969 971 973 974 976 978
-9999 -9999 -9999 -9999 -9999 -9999 -9999 -9999 -9999 -9999 -9999 -9999 -9999 -9999 -9999 -9999 -9999 -9999 -9999 389 389 402 416 431 445 459 473 487 501 515 529 543 557 571 585 599 614 628 642 656 670 684 698 712 726 740 754 768 782 797 811 825 839 853 867 881 895 909 923 931 933 935 937 938 940 942 944 946 947 949 951 953 955 956 958 960 962 964 965 967 969 971 973 974 976
-9999 -9999 -9999 -9999 -9999 -9999 -9999 -9999 -9999 -9999 -9999 -9999 -9999 -9999 -9999 -9999 -9999 -9999 -9999 415 415 428 441 454 467 481 494 507 520 534 547 560 574 587 600 613 627 640 653 667 680 693 706 720 733 746 760 773 786 799 813 826 839 853 866 879 892 906 919 927 929 930 932 934 936 938 940 942 944 946 948 950 952 954 955 957 959 961 963 965 967 969 971 973 975
-9999 -9999 -9999 -9999 -9999 -9999 -9999 -9999 -9999 -9999 -9999 -9999 -9999 -9999 -9999 -9999 -9999 -9999 -9999 441 441 453 465 478 490 503 515 528 540 553 565 578 590 603 615 628 640 653 665 678 690 703 715 727 740 752 765 777 790 802 815 827 840 852 865 877 890 902 915 922 924 926 928 930 932 934 936 938 941 943 945 947 949 951 953 955 957 959 961 963 965 967 969 971 973
-9999 -9999 -9999 -9999 -9999 -9999 -9999 -9999 -9999 -9999 -9999 -9999 -9999 -9999 -9999 -9999 -9999 -9999 466 466 466 478 489 501 513 525 536 548 560 571 583 595 606 618 630 642 653 665 677 688 700 712 724 735 747 759 770 782 794 805 817 829 841 852 864 876 887 899 911 918 920 922 924 926 928 931 933 935 937 939 941 944 946 948 950 952 954 956 959 961 963 965 967 969 972
-9999 -9999 -9999 -9999 -9999 -9999 -9999 -9999 -9999 -9999 -9999 -9999 -9999 -9999 -9999 -9999 -9999 -9999 492 492 492 503 514 525 536 547 557 568 579 590 601 612 623 634 645 656 667 677 688 699 710 721 732 743 754 765 776 787 797 808 819 830 841 852 863 874 885 896 907 913 915 918 920 922 925 927 929 931 934 936 938 940 943 945 947 950 952 954 956 959 961 963 965 968 970
-9999 -9999 -9999 -9999 -9999 -9999 -9999 -9999 -9999 -9999 -9999 -9999 -9999 -9999 -9999 -9999 -9999 -9999 518 518 518 528 538 548 558 568 579 589 599 609 619 629 639 649 660 670 680 690 700 710 720 730 741 751 761 771 781 791 801 811 822 832 842 852 862 872 882 892 902 909 911 914 916 918 921 923 925 928 930 933 935 937 940 942 945 947 949 952 954 957 959 961 964 966 969
-9999 -9999 -9999 -9999 -9999 -9999 -9999 -9999 -9999 -9999 -9999 -9999 -9999 -9999 -9999 -9999 -9999 544 544 544 544 553 562 572 581 590 600 609 618 628 637 646 656 665 674 684 693 702 712 721 730 740 749 758 768 777 786 796 805 814 824 833 842 852 861 870 880 889 898 904 907 909 912 914 917 919 922 924 927 929 932 934 937 939 942 944 947 949 952 954 957 959 962 964 967
-9999 -9999 -9999 -9999 -9999 -9999 -9999 -9999 -9999 -9999 -9999 -9999 -9999 -9999 -9999 -9999 -9999 570 570 570 570 578 587 595 604 612 621 629 638 647 655 664 672 681 689 698 706 715 723 732 740 749 758 766 775 783 792 800 809 817 826 834 843 851 860 869 877 886 894 900 902 905 908 910 913 916 918 921 923 926 929 931 934 937 939 942 944 947 950 952 955 958 960 963 965
-9999 -9999 -9999 -9999 -9999 -9999 -9999 -9999 -9999 -9999 -9999 -9999 -9999 -9999 -9999 -9999 -9999 596 596 596 596 603 611 619 627 634 642 650 658 665 673 681 689 696 704 712 720 727 735 743 751 758 766 774 782 789 797 805 813 820 828 836 844 851 859 867 875 882 890 895 898 901 904 906 909 912 915 917 920 923 925 928 931 934 936 939 942 945 947 950 953 956 958 961 964
